u2	y2
0.01000	2.87081	
0.01000	-170.60625	
0.01000	-213.32301	
0.01000	-242.94303	
0.01000	-52.41317	
0.01000	128.44761	
0.01000	113.44599	
0.01000	26.35734	
0.01000	-92.18598	
0.01000	-13.17874	
0.01000	-130.01375	
0.01000	-99.46663	
0.01000	-177.80358	
0.01000	-222.65926	
0.01000	-244.67514	
0.01000	-175.55421	
0.01000	-54.44720	
0.01000	-120.74382	
0.01000	-34.15386	
0.01000	109.97649	
0.01000	26.38234	
0.01000	94.15361	
0.01000	113.71664	
0.01000	104.44638	
0.01000	-23.66118	
0.01000	-37.49940	
0.01000	30.99136	
0.01000	-7.23677	
0.01000	-70.51879	
0.01000	-99.35127	
0.01000	-215.91052	
0.01000	-50.07828	
0.01000	-101.53410	
0.01000	-66.29249	
0.01000	-156.73448	
0.01000	-168.45823	
0.01000	-23.56421	
0.01000	8.80459	
0.01000	-35.19999	
0.01000	-21.22885	
0.01000	54.43777	
0.01000	108.06591	
0.01000	-123.18196	
0.01000	-193.06111	
0.01000	-190.29050	
0.01000	-403.04936	
0.01000	-473.41888	
0.01000	-414.65412	
0.01000	-366.96182	
0.01000	-397.52639	
0.01000	-299.73466	
0.01000	-275.84530	
0.01000	-102.01221	
0.01000	-154.13017	
0.01000	-87.11655	
0.01000	-36.66347	
0.01000	10.40334	
0.01000	-196.28287	
0.01000	-270.36070	
0.01000	-240.16633	
0.01000	-13.42078	
0.01000	-100.52619	
0.01000	30.02115	
0.01000	-0.97763	
0.01000	91.59614	
0.01000	160.87886	
0.01000	164.71263	
0.01000	115.13500	
0.01000	218.40650	
0.01000	300.36433	
0.01000	259.20892	
0.01000	118.59392	
0.01000	34.07327	
0.01000	22.67542	
0.01000	0.92789	
0.01000	156.85014	
0.01000	39.71134	
0.01000	0.85142	
0.01000	-44.00589	
0.01000	55.19356	
0.01000	23.71094	
0.01000	-77.72555	
0.01000	-25.06791	
0.01000	69.36292	
0.01000	60.62608	
0.01000	-8.89210	
0.01000	105.98715	
0.01000	-83.45853	
0.01000	2.26903	
0.01000	-68.94040	
0.01000	64.52648	
0.01000	-131.20480	
0.01000	-122.72742	
0.01000	-24.43085	
0.01000	-54.66144	
0.01000	-91.87329	
0.01000	-229.06289	
0.01000	-270.87265	
0.01000	-452.37708	
0.01000	-500.44883	
0.01000	-484.35577	
0.01000	-471.30218	
0.01000	-259.40450	
0.01000	-412.74774	
0.01000	-371.96971	
0.01000	-343.52098	
0.01000	-342.15830	
0.01000	-412.07483	
0.01000	-243.03890	
0.01000	-274.94650	
0.01000	-200.53549	
0.01000	-74.49958	
0.01000	-14.98623	
0.01000	-25.38542	
0.01000	91.30169	
0.01000	27.33622	
0.01000	98.01122	
0.01000	94.84546	
0.01000	155.56433	
0.01000	327.78385	
0.01000	355.95392	
0.01000	467.42039	
0.01000	625.08151	
0.01000	728.97961	
0.01000	659.02943	
0.01000	570.00187	
0.01000	688.52997	
0.01000	746.90322	
0.01000	806.23880	
0.01000	920.14557	
0.01000	757.77465	
0.01000	610.29534	
0.01000	635.58694	
0.01000	684.85541	
0.01000	731.96639	
0.01000	776.05176	
0.01000	640.22131	
0.01000	622.64012	
0.01000	508.36660	
0.01000	479.46144	
0.01000	491.74213	
0.01000	567.90780	
0.01000	577.44737	
0.01000	581.17173	
0.01000	700.73742	
0.01000	693.14067	
0.01000	730.15587	
0.01000	600.53342	
0.01000	693.12388	
0.01000	786.83818	
0.01000	648.55713	
0.01000	705.71687	
0.01000	631.43364	
0.01000	537.35797	
0.01000	523.27315	
0.01000	471.50784	
0.01000	597.38820	
0.01000	683.69528	
0.01000	857.00611	
0.01000	751.07104	
0.01000	640.81990	
0.01000	574.73682	
0.01000	600.88694	
0.01000	485.06667	
0.01000	430.26838	
0.01000	347.77667	
0.01000	200.39839	
0.01000	373.93920	
0.01000	309.74808	
0.01000	437.98392	
0.01000	517.43871	
0.01000	776.84089	
0.01000	702.93248	
0.01000	799.04409	
0.01000	697.00650	
0.01000	671.33216	
0.01000	690.55338	
0.01000	759.66744	
0.01000	515.43148	
0.01000	581.80931	
0.01000	452.33169	
0.01000	312.73401	
0.01000	281.99157	
0.01000	379.29266	
0.01000	141.15021	
0.01000	134.33063	
0.01000	-33.27787	
0.01000	-48.51048	
0.01000	-5.99814	
0.01000	20.93620	
0.01000	27.84992	
0.01000	-164.47735	
0.01000	35.58948	
0.01000	162.94109	
0.01000	114.89910	
0.01000	126.95158	
0.01000	65.05601	
0.01000	209.08120	
0.01000	114.46477	
0.01000	44.13024	
0.01000	2.75826	
0.01000	-91.05238	
0.01000	53.72942	
0.01000	37.34115	
0.01000	69.35398	
0.01000	87.12614	
0.01000	162.74318	
0.01000	262.74374	
0.01000	159.82294	
0.01000	46.73795	
0.01000	78.14971	
0.01000	-6.61710	
0.01000	-223.26009	
0.01000	-142.68565	
0.01000	99.44336	
0.01000	-28.36158	
0.01000	-93.16356	
0.01000	-150.91003	
0.01000	-102.03608	
0.01000	-41.17334	
0.01000	-10.59273	
0.01000	-83.84478	
0.01000	-37.65491	
0.01000	54.29574	
0.01000	28.10020	
0.01000	186.54566	
0.01000	68.51328	
0.01000	68.04988	
0.01000	225.53443	
0.01000	242.20723	
0.01000	151.43175	
0.01000	260.02966	
0.01000	313.92032	
0.01000	439.44957	
0.01000	511.11724	
0.01000	564.63991	
0.01000	700.63386	
0.01000	736.33950	
0.01000	736.14640	
0.01000	649.68933	
0.01000	562.88620	
0.01000	477.73978	
0.01000	508.09620	
0.01000	634.49158	
0.01000	699.91260	
0.01000	713.84506	
0.01000	598.81979	
0.01000	622.49004	
0.01000	563.58521	
0.01000	485.07634	
0.01000	537.29313	
0.01000	604.13589	
0.01000	603.86288	
0.01000	598.26899	
0.01000	576.11773	
0.01000	532.30657	
0.01000	504.59175	
0.01000	389.72851	
0.01000	227.12844	
0.01000	257.84229	
0.01000	248.53690	
0.01000	203.96335	
0.01000	154.41594	
0.01000	189.74302	
0.01000	81.19599	
0.01000	122.75765	
0.01000	119.37780	
0.01000	50.11279	
0.01000	100.23595	
0.01000	53.59259	
0.01000	65.34464	
0.01000	-71.70587	
0.01000	-13.04373	
0.01000	-122.99747	
0.01000	-87.76799	
0.01000	-170.86141	
0.01000	-54.73079	
0.01000	-76.58478	
0.01000	-100.99076	
0.01000	-25.77907	
0.01000	-125.04519	
0.01000	-178.36901	
0.01000	-154.56932	
0.01000	-262.86205	
0.01000	-273.66687	
0.01000	-218.50012	
0.01000	-211.79099	
0.01000	-228.74304	
0.01000	-186.12575	
0.01000	-269.13488	
0.01000	-461.94835	
0.01000	-403.69415	
0.01000	-397.52762	
0.01000	-192.81403	
0.01000	-338.09266	
0.01000	-284.21790	
0.01000	-370.08308	
0.01000	-275.13318	
0.01000	-52.65976	
0.01000	66.76885	
0.01000	64.88129	
0.01000	27.22432	
0.01000	-21.74517	
0.01000	-34.35052	
0.01000	-55.32744	
0.01000	-167.31537	
0.01000	-253.18520	
0.01000	-240.64811	
0.01000	-396.97885	
0.01000	-440.29775	
0.01000	-524.22294	
0.01000	-524.53770	
0.01000	-368.17479	
0.01000	-339.32579	
0.01000	-266.38655	
0.01000	-269.43377	
0.01000	-336.32156	
0.01000	-412.19488	
0.01000	-307.25779	
0.01000	-433.49909	
0.01000	-354.37194	
0.01000	-362.81188	
0.01000	-565.15016	
0.01000	-692.01319	
0.01000	-872.77596	
0.01000	-1031.34207	
0.01000	-1174.97260	
0.01000	-1233.75479	
0.01000	-1289.07215	
0.01000	-1318.09122	
0.01000	-1604.01474	
0.01000	-1555.27932	
0.01000	-1513.23666	
-0.01000	-1417.90782	
-0.01000	-1355.07328	
-0.01000	-1329.85803	
-0.01000	-1386.66259	
-0.01000	-1286.85857	
-0.01000	-1331.62186	
-0.01000	-1346.93461	
-0.01000	-1359.13585	
-0.01000	-995.72900	
-0.01000	-1014.77347	
-0.01000	-860.12666	
-0.01000	-928.08834	
-0.01000	-961.42382	
-0.01000	-993.68249	
-0.01000	-899.11053	
-0.01000	-940.70232	
-0.01000	-952.77112	
-0.01000	-848.50856	
-0.01000	-1072.97997	
-0.01000	-1128.97380	
-0.01000	-1194.31662	
-0.01000	-1402.44749	
-0.01000	-1377.43555	
-0.01000	-1475.13898	
-0.01000	-1545.07982	
-0.01000	-1634.17860	
-0.01000	-1573.36329	
-0.01000	-1352.00832	
-0.01000	-1389.22282	
-0.01000	-1553.84714	
-0.01000	-1435.51848	
-0.01000	-1532.84401	
-0.01000	-1501.44386	
-0.01000	-1407.05924	
-0.01000	-1434.64216	
-0.01000	-1387.37258	
-0.01000	-1374.54171	
-0.01000	-1523.71531	
-0.01000	-1702.06705	
-0.01000	-1599.85395	
-0.01000	-1613.03967	
-0.01000	-1522.73645	
-0.01000	-1491.00211	
-0.01000	-1457.72049	
-0.01000	-1519.00323	
-0.01000	-1533.03913	
-0.01000	-1613.00194	
-0.01000	-1713.77070	
-0.01000	-1766.91660	
-0.01000	-1828.42553	
-0.01000	-1702.26948	
-0.01000	-1533.33589	
-0.01000	-1383.76637	
-0.01000	-1262.04281	
-0.01000	-1301.29687	
-0.01000	-1258.74063	
-0.01000	-1069.53772	
-0.01000	-1013.40546	
-0.01000	-965.22673	
-0.01000	-629.34310	
-0.01000	-457.98155	
-0.01000	-243.04811	
-0.01000	-274.74645	
-0.01000	-307.88335	
-0.01000	-245.85381	
-0.01000	-377.50772	
-0.01000	-415.67292	
-0.01000	-357.86839	
-0.01000	-446.43884	
-0.01000	-381.93768	
-0.01000	-404.58874	
-0.01000	-369.29051	
-0.01000	-324.30154	
-0.01000	-168.23499	
-0.01000	-159.13875	
-0.01000	-224.57746	
-0.01000	-222.61237	
-0.01000	-98.55473	
-0.01000	-24.21172	
-0.01000	-82.33271	
-0.01000	-98.23323	
-0.01000	-71.62506	
-0.01000	-78.45718	
-0.01000	20.51188	
-0.01000	13.73970	
-0.01000	-100.54773	
-0.01000	-128.26140	
-0.01000	-206.74323	
-0.01000	-185.71651	
-0.01000	-196.32874	
-0.01000	-283.61594	
-0.01000	-417.72339	
-0.01000	-471.62178	
-0.01000	-544.38109	
-0.01000	-466.40723	
-0.01000	-433.85854	
-0.01000	-348.60213	
-0.01000	-310.49553	
-0.01000	-430.15160	
-0.01000	-664.09783	
-0.01000	-725.98213	
-0.01000	-761.50323	
-0.01000	-735.31585	
-0.01000	-590.09500	
-0.01000	-420.66559	
-0.01000	-353.28630	
-0.01000	-352.68634	
-0.01000	-314.97885	
-0.01000	-344.99171	
-0.01000	-267.51442	
-0.01000	-211.70544	
-0.01000	-53.37370	
-0.01000	73.85524	
-0.01000	189.27042	
-0.01000	421.47542	
-0.01000	439.18899	
-0.01000	323.15232	
-0.01000	359.23531	
-0.01000	374.65837	
-0.01000	414.96646	
-0.01000	306.07738	
-0.01000	196.71886	
-0.01000	65.53607	
-0.01000	29.17953	
-0.01000	-8.62593	
-0.01000	-30.77661	
-0.01000	-4.26493	
-0.01000	233.50087	
-0.01000	94.00505	
-0.01000	198.23579	
-0.01000	247.78394	
-0.01000	79.40657	
-0.01000	122.83421	
-0.01000	25.23987	
-0.01000	50.20842	
-0.01000	52.68493	
-0.01000	255.38897	
-0.01000	249.09044	
-0.01000	191.83829	
-0.01000	67.11244	
-0.01000	24.97744	
-0.01000	-27.09691	
-0.01000	36.25886	
-0.01000	272.67353	
-0.01000	275.06032	
-0.01000	335.34993	
-0.01000	330.26602	
-0.01000	418.18160	
-0.01000	304.14941	
-0.01000	255.42189	
-0.01000	326.92236	
-0.01000	301.89121	
-0.01000	346.29795	
-0.01000	454.44075	
-0.01000	585.22129	
-0.01000	444.52077	
-0.01000	354.71793	
-0.01000	283.75000	
-0.01000	402.23965	
-0.01000	254.40402	
-0.01000	372.26603	
-0.01000	196.97694	
-0.01000	182.52472	
-0.01000	220.44771	
-0.01000	19.58034	
-0.01000	223.99955	
-0.01000	92.19733	
-0.01000	46.38780	
-0.01000	208.69713	
-0.01000	77.89238	
-0.01000	147.95316	
-0.01000	156.53696	
-0.01000	-5.56681	
-0.01000	-206.99948	
-0.01000	-153.65551	
-0.01000	-151.24771	
-0.01000	-154.60429	
-0.01000	-171.26643	
-0.01000	-208.78956	
-0.01000	-101.27598	
-0.01000	-244.93747	
-0.01000	-178.50051	
-0.01000	-217.85801	
-0.01000	-150.82504	
-0.01000	-242.87528	
-0.01000	-258.88566	
-0.01000	-251.79093	
-0.01000	-356.09192	
-0.01000	-350.38906	
-0.01000	-312.71180	
-0.01000	-296.22886	
-0.01000	-277.38440	
-0.01000	-284.28337	
-0.01000	-394.68286	
-0.01000	-322.02854	
-0.01000	-204.11131	
-0.01000	-146.67397	
-0.01000	-161.85528	
-0.01000	-103.39125	
-0.01000	-119.40209	
-0.01000	-27.68723	
-0.01000	109.94974	
-0.01000	228.66198	
-0.01000	169.29060	
-0.01000	78.05961	
-0.01000	103.62563	
-0.01000	-21.91380	
-0.01000	-76.06251	
-0.01000	-57.38790	
-0.01000	37.34593	
-0.01000	48.73468	
-0.01000	-89.83842	
-0.01000	32.58857	
-0.01000	-130.27961	
-0.01000	-146.59517	
-0.01000	-295.41336	
-0.01000	-305.16862	
-0.01000	-436.93705	
-0.01000	-499.30812	
-0.01000	-436.26904	
-0.01000	-291.18180	
-0.01000	-517.04998	
-0.01000	-521.41756	
-0.01000	-519.08572	
-0.01000	-374.90725	
-0.01000	-587.24906	
-0.01000	-529.06742	
-0.01000	-321.08069	
-0.01000	-427.03169	
-0.01000	-525.95509	
-0.01000	-525.12645	
-0.01000	-458.19117	
-0.01000	-534.73696	
-0.01000	-529.33601	
-0.01000	-455.38434	
-0.01000	-411.25699	
-0.01000	-374.58386	
-0.01000	-546.10438	
-0.01000	-431.78676	
-0.01000	-409.61362	
-0.01000	-307.86060	
-0.01000	-283.88295	
-0.01000	-297.68859	
-0.01000	-147.93145	
-0.01000	-157.67527	
-0.01000	-223.89102	
-0.01000	-212.92032	
-0.01000	-85.14067	
-0.01000	-125.23351	
-0.01000	-60.84721	
-0.01000	-154.21387	
-0.01000	-166.49678	
-0.01000	-155.34284	
-0.01000	-76.08698	
-0.01000	-122.32758	
-0.01000	-234.93778	
-0.01000	-336.82002	
-0.01000	-378.88206	
-0.01000	-398.28294	
-0.01000	-309.78197	
-0.01000	-379.68293	
-0.01000	-383.73876	
-0.01000	-348.31145	
-0.01000	-481.60923	
-0.01000	-373.03322	
-0.01000	-419.64930	
-0.01000	-386.56060	
-0.01000	-439.09259	
-0.01000	-564.96520	
-0.01000	-593.99998	
-0.01000	-708.30245	
-0.01000	-828.24970	
-0.01000	-783.55061	
-0.01000	-604.39956	
-0.01000	-571.38657	
-0.01000	-516.61601	
-0.01000	-421.77254	
-0.01000	-324.04854	
-0.01000	-323.30719	
-0.01000	-363.10302	
-0.01000	-524.00043	
-0.01000	-600.10520	
-0.01000	-641.76980	
-0.01000	-670.96771	
-0.01000	-532.65399	
-0.01000	-524.00238	
-0.01000	-521.78128	
-0.01000	-579.54631	
-0.01000	-437.99121	
-0.01000	-388.22770	
-0.01000	-431.97802	
-0.01000	-529.41431	
-0.01000	-484.58440	
-0.01000	-593.68151	
-0.01000	-636.46496	
-0.01000	-544.28136	
-0.01000	-552.16681	
-0.01000	-529.64696	
-0.01000	-522.24780	
-0.01000	-529.65489	
-0.01000	-623.35610	
-0.01000	-626.32685	
-0.01000	-650.19470	
-0.01000	-605.77869	
-0.01000	-571.17526	
-0.01000	-514.15480	
-0.01000	-437.68893	
-0.01000	-334.42304	
-0.01000	-355.11286	
-0.01000	-460.02419	
-0.01000	-511.82797	
-0.01000	-314.61072	
-0.01000	-308.30113	
-0.01000	-348.14662	
-0.01000	-128.98293	
-0.01000	-210.29864	
-0.01000	-204.70329	
-0.01000	-244.74263	
-0.01000	-296.73900	
-0.01000	-243.58126	
-0.01000	-282.25913	
-0.01000	-272.45147	
-0.01000	-494.87310	
-0.01000	-591.41415	
-0.01000	-584.03481	
-0.01000	-351.20654	
-0.01000	-228.74540	
-0.01000	-294.77339	
-0.01000	-324.56928	
-0.01000	-342.48906	
-0.01000	-374.32527	
-0.01000	-352.46612	
-0.01000	-298.62544	
-0.01000	-248.48237	
0.01000	-53.49165	
0.01000	-203.44531	
0.01000	-173.39820	
0.01000	-15.58702	
0.01000	117.64138	
0.01000	105.19739	
0.01000	170.79849	
0.01000	71.40544	
0.01000	202.10267	
0.01000	323.78365	
0.01000	381.62148	
0.01000	272.19871	
0.01000	262.71465	
0.01000	406.34310	
0.01000	420.15093	
0.01000	437.36681	
0.01000	467.89254	
0.01000	589.79800	
0.01000	676.97135	
0.01000	741.75733	
0.01000	651.84854	
0.01000	703.25108	
0.01000	485.33064	
0.01000	464.79433	
0.01000	165.11941	
0.01000	167.25569	
0.01000	-9.91161	
0.01000	46.20720	
0.01000	47.26735	
0.01000	-119.49583	
0.01000	-24.76111	
0.01000	-25.64231	
0.01000	-28.86197	
0.01000	-10.17393	
0.01000	112.58873	
0.01000	342.82493	
0.01000	230.09658	
0.01000	337.01392	
0.01000	323.61278	
0.01000	327.90656	
0.01000	488.53139	
0.01000	504.90554	
0.01000	473.97828	
0.01000	416.00193	
0.01000	535.48109	
0.01000	361.93923	
0.01000	339.88683	
0.01000	506.27451	
0.01000	475.19542	
0.01000	572.66749	
0.01000	618.12111	
0.01000	593.40163	
0.01000	650.95379	
0.01000	613.68003	
0.01000	622.59899	
0.01000	553.04854	
0.01000	614.74468	
0.01000	709.60328	
0.01000	672.92114	
0.01000	686.70577	
0.01000	552.43849	
0.01000	381.53416	
0.01000	146.73998	
0.01000	104.16301	
0.01000	280.92982	
0.01000	99.82693	
0.01000	-86.38418	
0.01000	-110.37907	
0.01000	151.09791	
0.01000	428.52889	
0.01000	386.69882	
0.01000	279.76534	
0.01000	417.94908	
0.01000	288.14861	
0.01000	332.65719	
0.01000	348.61509	
0.01000	387.47216	
0.01000	367.54219	
0.01000	247.62243	
0.01000	211.36843	
0.01000	-7.62874	
0.01000	26.00613	
0.01000	38.02001	
0.01000	31.46972	
0.01000	19.32830	
0.01000	64.83508	
0.01000	245.51645	
0.01000	95.48608	
0.01000	47.63329	
0.01000	-1.02567	
0.01000	47.64749	
0.01000	127.12665	
0.01000	158.57740	
0.01000	159.78588	
0.01000	374.07418	
0.01000	323.00439	
0.01000	392.95032	
0.01000	376.02362	
0.01000	490.56704	
0.01000	519.29231	
0.01000	590.75462	
0.01000	692.32392	
0.01000	647.32729	
0.01000	678.25276	
0.01000	648.64266	
0.01000	517.31119	
0.01000	550.13039	
0.01000	533.47685	
0.01000	755.22782	
0.01000	764.40558	
0.01000	703.22286	
0.01000	528.38713	
0.01000	562.13823	
0.01000	577.69348	
0.01000	480.11194	
0.01000	337.45762	
0.01000	355.87869	
0.01000	250.42368	
0.01000	233.19569	
0.01000	180.57802	
0.01000	195.11941	
0.01000	118.48297	
0.01000	21.56170	
0.01000	-64.00865	
0.01000	-58.27526	
0.01000	134.82145	
0.01000	278.04141	
0.01000	367.60078	
0.01000	225.41201	
0.01000	203.98541	
0.01000	90.85872	
0.01000	269.06380	
0.01000	126.77959	
0.01000	55.99398	
0.01000	219.59038	
0.01000	109.55169	
0.01000	131.05442	
0.01000	213.62365	
0.01000	406.74265	
0.01000	536.55976	
0.01000	530.90380	
0.01000	377.08972	
0.01000	399.50394	
0.01000	296.11687	
0.01000	204.33366	
0.01000	230.47826	
0.01000	245.98389	
0.01000	428.35463	
0.01000	421.94055	
0.01000	527.47052	
0.01000	593.27096	
0.01000	444.30276	
0.01000	489.33302	
0.01000	482.04433	
0.01000	769.93943	
0.01000	747.28930	
0.01000	595.04103	
0.01000	438.67441	
0.01000	367.32141	
0.01000	223.48812	
0.01000	218.09522	
0.01000	242.89225	
0.01000	195.12304	
0.01000	523.60385	
0.01000	426.12724	
0.01000	656.03996	
0.01000	817.24599	
0.01000	777.78591	
0.01000	679.36270	
0.01000	638.65077	
0.01000	688.47981	
0.01000	539.95567	
0.01000	488.98985	
0.01000	467.66745	
0.01000	370.69805	
0.01000	418.73414	
0.01000	425.37771	
0.01000	527.02848	
0.01000	519.52229	
0.01000	457.72919	
0.01000	429.81393	
0.01000	388.75821	
0.01000	381.57840	
0.01000	467.43994	
0.01000	389.56208	
0.01000	309.82984	
0.01000	327.88064	
0.01000	214.77830	
0.01000	332.51328	
0.01000	329.60530	
0.01000	196.41345	
0.01000	191.19093	
0.01000	323.24565	
0.01000	410.75735	
0.01000	413.58164	
0.01000	452.11491	
0.01000	531.25728	
0.01000	642.98909	
0.01000	629.39834	
0.01000	660.18596	
0.01000	709.18180	
0.01000	743.46791	
0.01000	816.73145	
0.01000	770.17203	
0.01000	818.96215	
0.01000	836.25960	
0.01000	795.44822	
0.01000	615.62660	
0.01000	647.35618	
0.01000	641.35946	
0.01000	723.07539	
0.01000	822.12013	
0.01000	822.41344	
0.01000	880.12892	
0.01000	840.94620	
0.01000	777.51776	
0.01000	964.49888	
0.01000	920.22237	
0.01000	921.53054	
0.01000	775.23841	
0.01000	829.28240	
0.01000	691.55181	
0.01000	681.27586	
0.01000	767.79470	
0.01000	888.88434	
0.01000	843.63229	
0.01000	872.56581	
0.01000	965.58926	
0.01000	899.76735	
0.01000	843.62684	
0.01000	893.09401	
0.01000	1131.18010	
0.01000	1062.60248	
0.01000	1001.23495	
0.01000	924.39408	
0.01000	665.24039	
0.01000	744.18787	
0.01000	847.88168	
0.01000	668.48738	
0.01000	565.54590	
0.01000	469.02211	
0.01000	438.20740	
0.01000	414.27571	
0.01000	695.61064	
0.01000	517.04055	
0.01000	699.96812	
0.01000	803.69318	
0.01000	783.57988	
0.01000	794.99998	
0.01000	693.15049	
0.01000	854.02136	
0.01000	592.52705	
0.01000	518.30583	
0.01000	481.70727	
0.01000	442.18499	
0.01000	544.95167	
0.01000	516.03335	
0.01000	528.21748	
0.01000	583.39074	
0.01000	516.67817	
0.01000	486.37784	
0.01000	418.00840	
0.01000	442.25104	
0.01000	560.98252	
0.01000	513.30871	
0.01000	445.32676	
0.01000	429.71062	
0.01000	455.95641	
0.01000	482.39263	
0.01000	527.33096	
0.01000	453.65649	
0.01000	572.90878	
0.01000	498.49535	
0.01000	439.22311	
0.01000	481.58585	
0.01000	467.17142	
0.01000	483.69088	
0.01000	522.05417	
0.01000	511.73227	
0.01000	474.93987	
0.01000	488.77182	
0.01000	573.57057	
0.01000	667.08401	
0.01000	691.61857	
0.01000	570.17223	
0.01000	454.64564	
0.01000	480.87682	
0.01000	545.39717	
0.01000	573.87418	
0.01000	405.30334	
0.01000	400.60648	
0.01000	186.25982	
0.01000	423.97036	
0.01000	397.44057	
0.01000	312.28823	
0.01000	244.88622	
0.01000	230.87391	
0.01000	222.63544	
0.01000	170.50911	
0.01000	154.64887	
0.01000	168.94972	
0.01000	172.32975	
0.01000	206.27279	
0.01000	121.64624	
0.01000	179.06211	
0.01000	61.55144	
0.01000	-95.89222	
0.01000	-34.71707	
0.01000	76.45246	
0.01000	69.54674	
0.01000	128.59253	
0.01000	206.56714	
0.01000	123.80626	
0.01000	248.12132	
0.01000	218.98215	
0.01000	243.39667	
0.01000	177.74792	
0.01000	82.20990	
0.01000	-15.94597	
0.01000	140.29216	
0.01000	106.88490	
0.01000	105.82694	
0.01000	116.98332	
0.01000	84.19694	
0.01000	-34.31953	
0.01000	-337.95596	
0.01000	-316.13989	
0.01000	-162.67545	
0.01000	-99.74013	
0.01000	-244.48695	
0.01000	-288.74856	
0.01000	-201.76714	
0.01000	-186.33652	