u1	y1
0.01000	-2.06615	
0.01000	37.69017	
0.01000	35.79048	
0.01000	35.63985	
0.01000	9.84313	
0.01000	13.02192	
0.01000	-1.11246	
0.01000	-21.46569	
0.01000	-6.03535	
0.01000	33.41015	
0.01000	30.41180	
0.01000	4.91970	
0.01000	-11.62299	
0.01000	-10.32109	
0.01000	-16.89949	
0.01000	-34.09592	
0.01000	-102.23748	
0.01000	-86.96772	
0.01000	-85.60979	
0.01000	-83.41770	
0.01000	-83.80039	
0.01000	-80.26697	
0.01000	-71.39336	
0.01000	-82.76628	
0.01000	-78.48703	
0.01000	-99.39628	
0.01000	-82.32396	
0.01000	-82.69072	
0.01000	-80.77756	
0.01000	-73.35867	
0.01000	-48.91061	
0.01000	-59.14162	
0.01000	-70.80256	
0.01000	-65.78498	
0.01000	-55.50058	
0.01000	-63.07479	
0.01000	-81.18121	
0.01000	-57.42210	
0.01000	7.55991	
0.01000	-17.34505	
0.01000	-33.38791	
0.01000	-29.27291	
0.01000	-41.74182	
0.01000	-22.78927	
0.01000	-22.58312	
0.01000	-40.67667	
0.01000	-55.29884	
0.01000	-63.29367	
0.01000	-64.35662	
0.01000	-64.84395	
0.01000	-51.34053	
0.01000	-56.89826	
0.01000	-65.57068	
0.01000	-55.78649	
0.01000	-34.45756	
0.01000	-43.53180	
0.01000	-37.97292	
0.01000	-7.77649	
0.01000	-22.68003	
0.01000	-37.12168	
0.01000	-39.01918	
0.01000	-36.24932	
0.01000	3.72265	
0.01000	-28.30623	
0.01000	-6.20501	
0.01000	-26.88166	
0.01000	-9.18368	
0.01000	8.71318	
0.01000	18.70789	
0.01000	35.86870	
0.01000	53.48705	
0.01000	58.96953	
0.01000	27.31843	
0.01000	25.54587	
0.01000	50.71836	
0.01000	33.33171	
0.01000	55.73753	
0.01000	66.33509	
0.01000	104.34916	
0.01000	113.27329	
0.01000	130.27673	
0.01000	140.30525	
0.01000	155.64347	
0.01000	144.06605	
0.01000	133.21245	
0.01000	143.33442	
0.01000	138.73927	
0.01000	170.09490	
0.01000	164.16139	
0.01000	172.65710	
0.01000	150.52778	
0.01000	138.41499	
0.01000	149.07092	
0.01000	134.17956	
0.01000	135.99121	
0.01000	132.43023	
0.01000	127.51734	
0.01000	136.81619	
0.01000	139.12993	
0.01000	99.19050	
0.01000	98.49436	
0.01000	115.95899	
0.01000	93.03364	
0.01000	117.44200	
0.01000	112.63818	
0.01000	111.82257	
0.01000	141.71683	
0.01000	124.35356	
0.01000	118.57075	
0.01000	155.45804	
0.01000	135.42216	
0.01000	119.76062	
0.01000	121.43405	
0.01000	64.78333	
0.01000	49.35103	
0.01000	51.47676	
0.01000	72.26153	
0.01000	65.42228	
0.01000	42.41261	
0.01000	21.97430	
0.01000	15.82675	
0.01000	48.40820	
0.01000	36.52039	
0.01000	22.30508	
0.01000	23.07814	
0.01000	-1.09500	
0.01000	-17.39873	
0.01000	-48.79896	
0.01000	-54.36314	
0.01000	-47.16193	
0.01000	-62.74830	
0.01000	-55.05330	
0.01000	-60.85174	
0.01000	-66.55849	
0.01000	-46.40645	
0.01000	-46.03119	
0.01000	-71.58605	
0.01000	-64.56047	
0.01000	-70.49491	
0.01000	-24.62527	
0.01000	-50.39517	
0.01000	-42.88747	
0.01000	-82.65642	
0.01000	-77.77447	
0.01000	-82.61046	
0.01000	-83.12390	
0.01000	-96.51218	
0.01000	-95.38205	
0.01000	-67.47668	
0.01000	-73.57684	
0.01000	-53.77559	
0.01000	-72.13983	
0.01000	-86.12911	
0.01000	-101.15511	
0.01000	-119.85576	
0.01000	-123.44292	
0.01000	-112.16603	
0.01000	-102.94077	
0.01000	-101.59664	
0.01000	-115.57511	
0.01000	-80.81163	
0.01000	-37.03116	
0.01000	-48.46933	
0.01000	-17.22751	
0.01000	-38.12813	
0.01000	-15.14034	
0.01000	-6.01933	
0.01000	4.76002	
0.01000	29.88274	
0.01000	78.25775	
0.01000	69.05998	
0.01000	65.47180	
0.01000	63.09782	
0.01000	60.51581	
0.01000	100.07325	
0.01000	90.73647	
0.01000	104.73763	
0.01000	51.61817	
0.01000	58.70701	
0.01000	91.82576	
0.01000	118.71659	
0.01000	134.50763	
0.01000	186.49858	
0.01000	179.51994	
0.01000	169.71834	
0.01000	182.25553	
0.01000	189.02824	
0.01000	212.40881	
0.01000	192.68566	
0.01000	216.02987	
0.01000	193.69260	
0.01000	191.27618	
0.01000	183.18723	
0.01000	193.39214	
0.01000	221.51513	
0.01000	228.59427	
0.01000	264.74169	
0.01000	260.37382	
0.01000	289.15692	
0.01000	265.32581	
0.01000	265.75162	
0.01000	253.40676	
0.01000	246.10849	
0.01000	255.88682	
0.01000	205.29071	
0.01000	235.33913	
0.01000	230.71700	
0.01000	270.38609	
0.01000	275.51417	
0.01000	277.43447	
0.01000	288.00679	
0.01000	252.82081	
0.01000	235.98848	
0.01000	207.81798	
0.01000	244.87402	
0.01000	226.27237	
0.01000	209.15509	
0.01000	261.28908	
0.01000	284.88499	
0.01000	277.69015	
0.01000	244.42305	
0.01000	254.24848	
0.01000	259.22342	
0.01000	238.25826	
0.01000	274.18186	
0.01000	242.37982	
0.01000	291.45084	
0.01000	313.27073	
0.01000	324.31613	
0.01000	306.92361	
0.01000	276.65725	
0.01000	269.88653	
0.01000	257.50399	
0.01000	247.15640	
0.01000	251.36271	
0.01000	233.83693	
0.01000	244.79034	
0.01000	257.98897	
0.01000	299.47527	
0.01000	288.23454	
0.01000	294.59145	
0.01000	306.00655	
0.01000	283.92904	
0.01000	262.09810	
0.01000	290.84833	
0.01000	284.72917	
0.01000	290.42587	
0.01000	323.78005	
0.01000	341.12224	
0.01000	377.32884	
0.01000	390.15190	
0.01000	430.82196	
0.01000	448.92027	
0.01000	471.47213	
0.01000	488.71361	
0.01000	518.98867	
0.01000	525.99296	
0.01000	529.82621	
0.01000	524.96404	
0.01000	514.06274	
0.01000	529.47027	
0.01000	518.46847	
0.01000	546.14013	
0.01000	554.37206	
0.01000	554.61277	
0.01000	570.31117	
0.01000	543.76394	
0.01000	514.21046	
0.01000	533.41595	
0.01000	539.89596	
0.01000	517.20293	
0.01000	501.97588	
0.01000	533.87454	
0.01000	528.29833	
0.01000	534.12974	
0.01000	570.41335	
0.01000	552.01278	
0.01000	569.02201	
0.01000	541.96301	
0.01000	556.37389	
0.01000	514.09731	
0.01000	503.71405	
0.01000	495.43028	
0.01000	506.39904	
0.01000	523.56760	
0.01000	528.77876	
0.01000	549.63091	
0.01000	554.11502	
0.01000	590.46999	
0.01000	608.44980	
0.01000	598.14184	
0.01000	589.33895	
0.01000	593.54138	
0.01000	604.33581	
0.01000	592.86143	
0.01000	595.86129	
0.01000	587.34451	
0.01000	545.95635	
0.01000	534.60997	
0.01000	502.95761	
0.01000	554.42119	
0.01000	538.14940	
0.01000	569.72785	
0.01000	592.00440	
0.01000	575.20709	
0.01000	602.83504	
0.01000	575.05394	
0.01000	580.25238	
0.01000	556.94398	
0.01000	561.25686	
0.01000	569.17060	
0.01000	598.69926	
0.01000	619.27486	
0.01000	621.63865	
0.01000	592.39820	
0.01000	594.12328	
0.01000	591.62812	
0.01000	619.61962	
0.01000	599.00041	
0.01000	588.36013	
0.01000	567.32112	
0.01000	540.53657	
0.01000	514.82208	
0.01000	524.18351	
0.01000	551.51916	
0.01000	542.59310	
0.01000	568.28625	
0.01000	555.10446	
0.01000	586.23060	
0.01000	578.66802	
0.01000	604.16537	
0.01000	622.42414	
0.01000	605.16145	
-0.01000	602.79473	
-0.01000	563.66295	
-0.01000	571.73267	
-0.01000	580.84306	
-0.01000	605.80923	
-0.01000	598.55297	
-0.01000	606.81067	
-0.01000	586.35128	
-0.01000	604.74455	
-0.01000	610.89705	
-0.01000	619.92640	
-0.01000	649.78307	
-0.01000	704.19339	
-0.01000	733.60205	
-0.01000	734.26513	
-0.01000	721.54551	
-0.01000	742.04390	
-0.01000	760.97270	
-0.01000	770.61316	
-0.01000	773.92069	
-0.01000	741.40593	
-0.01000	750.84698	
-0.01000	767.27345	
-0.01000	805.85332	
-0.01000	810.95567	
-0.01000	783.48669	
-0.01000	779.63420	
-0.01000	784.39121	
-0.01000	834.21087	
-0.01000	834.26931	
-0.01000	839.48192	
-0.01000	828.65770	
-0.01000	817.80801	
-0.01000	853.52015	
-0.01000	848.72316	
-0.01000	866.22503	
-0.01000	853.23613	
-0.01000	860.86612	
-0.01000	846.82881	
-0.01000	878.86135	
-0.01000	878.72758	
-0.01000	901.85193	
-0.01000	915.82316	
-0.01000	940.80297	
-0.01000	972.70765	
-0.01000	945.35826	
-0.01000	937.40985	
-0.01000	941.88233	
-0.01000	945.77599	
-0.01000	950.04425	
-0.01000	959.60053	
-0.01000	925.70672	
-0.01000	922.43338	
-0.01000	894.49388	
-0.01000	930.91606	
-0.01000	947.32315	
-0.01000	949.64964	
-0.01000	962.77313	
-0.01000	968.45672	
-0.01000	991.88104	
-0.01000	1013.54736	
-0.01000	989.22550	
-0.01000	992.25555	
-0.01000	961.59508	
-0.01000	970.31531	
-0.01000	997.28733	
-0.01000	1007.25880	
-0.01000	1014.85785	
-0.01000	1019.34361	
-0.01000	1018.10130	
-0.01000	1021.80517	
-0.01000	1058.52525	
-0.01000	1052.27659	
-0.01000	1039.67773	
-0.01000	1036.24110	
-0.01000	1052.60840	
-0.01000	1028.22074	
-0.01000	1052.42216	
-0.01000	1025.11644	
-0.01000	1012.22314	
-0.01000	1014.73408	
-0.01000	993.63423	
-0.01000	1015.00764	
-0.01000	995.17637	
-0.01000	1004.86168	
-0.01000	1013.96111	
-0.01000	1013.70442	
-0.01000	995.95899	
-0.01000	1007.54391	
-0.01000	1009.09957	
-0.01000	996.84629	
-0.01000	988.51657	
-0.01000	960.16713	
-0.01000	964.18974	
-0.01000	931.27381	
-0.01000	914.03433	
-0.01000	911.39952	
-0.01000	927.22969	
-0.01000	880.27376	
-0.01000	897.33652	
-0.01000	894.85064	
-0.01000	877.40256	
-0.01000	897.92672	
-0.01000	860.50846	
-0.01000	868.71376	
-0.01000	884.19695	
-0.01000	890.02268	
-0.01000	923.36136	
-0.01000	913.16196	
-0.01000	922.15915	
-0.01000	876.86026	
-0.01000	857.44278	
-0.01000	868.71501	
-0.01000	858.51656	
-0.01000	878.36676	
-0.01000	842.92998	
-0.01000	853.50571	
-0.01000	865.50546	
-0.01000	871.37237	
-0.01000	874.56318	
-0.01000	885.16772	
-0.01000	898.23101	
-0.01000	906.02969	
-0.01000	899.07418	
-0.01000	896.55750	
-0.01000	913.60987	
-0.01000	905.69196	
-0.01000	942.86071	
-0.01000	943.76976	
-0.01000	928.96138	
-0.01000	896.57799	
-0.01000	897.55848	
-0.01000	888.51439	
-0.01000	923.81595	
-0.01000	929.90638	
-0.01000	949.19617	
-0.01000	942.62770	
-0.01000	943.14541	
-0.01000	939.61702	
-0.01000	937.16596	
-0.01000	939.19791	
-0.01000	955.00324	
-0.01000	943.21089	
-0.01000	976.84760	
-0.01000	978.95435	
-0.01000	1013.73129	
-0.01000	1012.75982	
-0.01000	1011.74804	
-0.01000	1023.61602	
-0.01000	1067.91152	
-0.01000	1075.64720	
-0.01000	1067.61494	
-0.01000	1060.89766	
-0.01000	1089.91433	
-0.01000	1076.42728	
-0.01000	1088.99970	
-0.01000	1085.79765	
-0.01000	1079.11686	
-0.01000	1099.97016	
-0.01000	1136.37917	
-0.01000	1145.40983	
-0.01000	1108.84796	
-0.01000	1131.05028	
-0.01000	1092.16766	
-0.01000	1101.05065	
-0.01000	1106.72814	
-0.01000	1090.64076	
-0.01000	1070.54820	
-0.01000	1076.71800	
-0.01000	1066.76276	
-0.01000	1042.46107	
-0.01000	1009.57114	
-0.01000	1018.51142	
-0.01000	1043.94689	
-0.01000	1073.85873	
-0.01000	1096.04521	
-0.01000	1087.24854	
-0.01000	1084.82322	
-0.01000	1066.92647	
-0.01000	1053.92259	
-0.01000	1040.53119	
-0.01000	1064.69003	
-0.01000	1050.40536	
-0.01000	1058.29703	
-0.01000	1054.50843	
-0.01000	1068.63542	
-0.01000	1102.87657	
-0.01000	1058.34970	
-0.01000	1066.22519	
-0.01000	1082.43885	
-0.01000	1109.93269	
-0.01000	1105.24374	
-0.01000	1132.25026	
-0.01000	1097.09413	
-0.01000	1090.95588	
-0.01000	1126.94957	
-0.01000	1101.68293	
-0.01000	1065.46281	
-0.01000	1121.36115	
-0.01000	1121.48050	
-0.01000	1108.93619	
-0.01000	1069.94680	
-0.01000	1078.10579	
-0.01000	1058.87129	
-0.01000	999.18975	
-0.01000	994.79218	
-0.01000	996.94037	
-0.01000	969.83938	
-0.01000	968.38619	
-0.01000	958.95688	
-0.01000	954.85549	
-0.01000	951.72841	
-0.01000	963.15411	
-0.01000	979.01158	
-0.01000	976.15263	
-0.01000	935.27881	
-0.01000	893.45320	
-0.01000	869.03561	
-0.01000	887.77526	
-0.01000	877.63063	
-0.01000	879.93346	
-0.01000	889.17777	
-0.01000	850.54869	
-0.01000	871.22486	
-0.01000	844.38154	
-0.01000	827.97842	
-0.01000	807.82463	
-0.01000	758.09708	
-0.01000	761.79911	
-0.01000	785.90302	
-0.01000	793.47672	
-0.01000	822.91306	
-0.01000	828.73258	
-0.01000	832.19698	
-0.01000	838.71297	
-0.01000	814.83523	
-0.01000	820.24350	
-0.01000	820.65635	
-0.01000	848.08208	
-0.01000	852.13282	
-0.01000	811.04609	
-0.01000	805.02789	
-0.01000	800.29041	
-0.01000	803.10855	
-0.01000	796.36100	
-0.01000	791.02099	
-0.01000	813.21148	
-0.01000	810.52308	
-0.01000	843.22287	
-0.01000	835.44315	
-0.01000	825.70907	
-0.01000	824.15599	
-0.01000	844.58002	
-0.01000	876.47390	
-0.01000	872.65987	
-0.01000	837.59328	
-0.01000	855.61211	
-0.01000	880.37702	
-0.01000	904.47147	
-0.01000	893.45781	
-0.01000	887.60588	
-0.01000	872.55841	
-0.01000	884.79504	
-0.01000	888.16811	
-0.01000	908.81845	
-0.01000	925.70575	
-0.01000	933.74846	
-0.01000	924.07641	
-0.01000	926.19176	
-0.01000	935.38624	
-0.01000	934.12109	
-0.01000	948.44705	
-0.01000	898.99356	
-0.01000	872.25272	
-0.01000	852.88799	
-0.01000	863.54100	
-0.01000	855.56328	
-0.01000	880.18988	
-0.01000	882.15974	
-0.01000	890.12886	
-0.01000	854.64079	
-0.01000	873.97500	
-0.01000	851.10920	
-0.01000	836.48556	
-0.01000	831.44657	
-0.01000	835.70554	
-0.01000	846.42125	
-0.01000	886.46414	
-0.01000	885.68939	
-0.01000	889.05327	
-0.01000	891.00268	
-0.01000	919.97684	
-0.01000	919.73863	
-0.01000	890.34052	
-0.01000	876.90540	
-0.01000	850.04015	
-0.01000	843.88771	
-0.01000	843.35756	
-0.01000	855.37448	
-0.01000	827.74740	
-0.01000	827.30328	
-0.01000	811.56710	
-0.01000	780.59648	
-0.01000	773.71836	
-0.01000	775.30943	
-0.01000	782.94742	
-0.01000	764.55552	
-0.01000	772.55005	
-0.01000	793.58719	
-0.01000	812.48465	
-0.01000	819.81820	
-0.01000	818.92195	
-0.01000	809.08866	
-0.01000	826.65280	
-0.01000	831.65620	
-0.01000	847.67699	
-0.01000	831.90623	
-0.01000	783.37545	
-0.01000	770.98043	
-0.01000	759.19164	
-0.01000	742.29713	
-0.01000	729.55598	
-0.01000	762.30427	
-0.01000	742.86216	
-0.01000	737.20909	
-0.01000	709.84114	
-0.01000	702.95558	
-0.01000	711.46517	
-0.01000	702.08451	
-0.01000	708.26168	
-0.01000	683.40947	
-0.01000	692.51250	
-0.01000	732.04658	
-0.01000	721.83671	
0.01000	708.38958	
0.01000	714.06682	
0.01000	704.12074	
0.01000	723.51440	
0.01000	695.16865	
0.01000	693.56211	
0.01000	686.56303	
0.01000	695.84732	
0.01000	715.85593	
0.01000	702.46455	
0.01000	716.75777	
0.01000	710.78881	
0.01000	761.36111	
0.01000	755.32197	
0.01000	737.95498	
0.01000	722.04655	
0.01000	702.75537	
0.01000	727.97662	
0.01000	714.23934	
0.01000	721.90117	
0.01000	711.30907	
0.01000	730.51525	
0.01000	722.17624	
0.01000	708.44039	
0.01000	735.18365	
0.01000	751.42823	
0.01000	749.55573	
0.01000	728.76841	
0.01000	713.77188	
0.01000	734.18236	
0.01000	743.95428	
0.01000	722.95239	
0.01000	765.33969	
0.01000	770.87675	
0.01000	734.52457	
0.01000	744.99059	
0.01000	734.47865	
0.01000	757.34331	
0.01000	749.90543	
0.01000	738.92633	
0.01000	729.37627	
0.01000	751.51655	
0.01000	774.89846	
0.01000	786.00613	
0.01000	809.24701	
0.01000	800.91043	
0.01000	792.08778	
0.01000	779.09631	
0.01000	793.88145	
0.01000	837.70674	
0.01000	819.51403	
0.01000	828.34984	
0.01000	817.42314	
0.01000	832.35367	
0.01000	841.28723	
0.01000	822.64148	
0.01000	812.81620	
0.01000	835.59810	
0.01000	822.30712	
0.01000	778.16481	
0.01000	758.42944	
0.01000	739.58691	
0.01000	758.12399	
0.01000	775.91742	
0.01000	779.73437	
0.01000	739.54786	
0.01000	735.37262	
0.01000	766.90021	
0.01000	759.49171	
0.01000	740.55524	
0.01000	733.70368	
0.01000	733.98362	
0.01000	733.48097	
0.01000	762.32193	
0.01000	769.72218	
0.01000	779.93167	
0.01000	750.71243	
0.01000	748.89756	
0.01000	752.72227	
0.01000	750.43896	
0.01000	750.48409	
0.01000	747.23673	
0.01000	731.26724	
0.01000	742.18920	
0.01000	778.90538	
0.01000	751.39101	
0.01000	762.25328	
0.01000	753.23489	
0.01000	758.97564	
0.01000	766.14626	
0.01000	770.77708	
0.01000	755.09099	
0.01000	787.74586	
0.01000	775.96006	
0.01000	776.07023	
0.01000	792.08041	
0.01000	769.84605	
0.01000	774.54311	
0.01000	750.93659	
0.01000	756.16679	
0.01000	782.26364	
0.01000	801.27242	
0.01000	829.69406	
0.01000	819.50586	
0.01000	858.39078	
0.01000	824.05302	
0.01000	826.81458	
0.01000	812.92731	
0.01000	805.42213	
0.01000	806.56925	
0.01000	774.84844	
0.01000	778.08708	
0.01000	776.07695	
0.01000	795.27736	
0.01000	816.75171	
0.01000	810.16907	
0.01000	823.11312	
0.01000	822.48600	
0.01000	809.24530	
0.01000	828.14182	
0.01000	831.53032	
0.01000	831.14208	
0.01000	850.42689	
0.01000	833.18925	
0.01000	818.07741	
0.01000	774.08166	
0.01000	777.98585	
0.01000	797.61656	
0.01000	801.24251	
0.01000	767.96137	
0.01000	754.10900	
0.01000	754.67504	
0.01000	760.72234	
0.01000	708.36928	
0.01000	723.26311	
0.01000	702.83755	
0.01000	698.11344	
0.01000	706.05994	
0.01000	732.31527	
0.01000	731.46325	
0.01000	730.84664	
0.01000	701.02364	
0.01000	711.78830	
0.01000	718.57604	
0.01000	694.96072	
0.01000	682.56042	
0.01000	693.97845	
0.01000	696.23327	
0.01000	690.50508	
0.01000	696.92722	
0.01000	697.79946	
0.01000	683.66877	
0.01000	636.82080	
0.01000	654.51913	
0.01000	679.53400	
0.01000	697.58469	
0.01000	694.94795	
0.01000	693.37153	
0.01000	698.40982	
0.01000	699.37492	
0.01000	701.80834	
0.01000	685.73252	
0.01000	666.81210	
0.01000	670.51937	
0.01000	680.33254	
0.01000	684.03379	
0.01000	657.08586	
0.01000	645.24191	
0.01000	660.74438	
0.01000	656.83748	
0.01000	693.78177	
0.01000	691.38396	
0.01000	670.91132	
0.01000	668.58140	
0.01000	662.54300	
0.01000	683.26443	
0.01000	670.66436	
0.01000	673.42847	
0.01000	687.58339	
0.01000	681.83220	
0.01000	671.64636	
0.01000	641.00568	
0.01000	660.67865	
0.01000	688.55827	
0.01000	682.85841	
0.01000	688.63857	
0.01000	688.85394	
0.01000	655.66203	
0.01000	666.97159	
0.01000	675.22430	
0.01000	653.10740	
0.01000	706.55001	
0.01000	674.70666	
0.01000	670.45017	
0.01000	692.80869	
0.01000	723.93113	
0.01000	751.79875	
0.01000	725.73587	
0.01000	731.20728	
0.01000	738.24473	
0.01000	718.79653	
0.01000	730.19618	
0.01000	732.18185	
0.01000	740.59159	
0.01000	719.63423	
0.01000	743.52471	
0.01000	774.82962	
0.01000	749.81732	
0.01000	768.49156	
0.01000	751.47932	
0.01000	724.71805	
0.01000	718.07228	
0.01000	717.34652	
0.01000	730.65744	
0.01000	774.55371	
0.01000	766.36757	
0.01000	733.81207	
0.01000	711.17130	
0.01000	696.08298	
0.01000	726.61778	
0.01000	699.35339	
0.01000	703.27691	
0.01000	695.87082	
0.01000	669.78304	
0.01000	653.05654	
0.01000	629.27342	
0.01000	618.94185	
0.01000	601.55351	
0.01000	632.92241	
0.01000	652.32991	
0.01000	660.43522	
0.01000	645.64531	
0.01000	661.31836	
0.01000	673.49116	
0.01000	693.38056	
0.01000	685.76714	
0.01000	682.76453	
0.01000	727.48588	
0.01000	727.98689	
0.01000	720.91936	
0.01000	695.28089	
0.01000	702.22216	
0.01000	713.44300	
0.01000	723.30132	
0.01000	719.91368	
0.01000	702.60202	
0.01000	681.46647	
0.01000	670.72547	
0.01000	636.67614	
0.01000	624.90861	
0.01000	646.34917	
0.01000	646.73582	
0.01000	667.23130	
0.01000	649.19792	
0.01000	695.71282	
0.01000	700.56886	
0.01000	694.67769	
0.01000	678.71338	
0.01000	695.79294	
0.01000	696.72034	
0.01000	700.10298	
0.01000	720.98150	
0.01000	704.10410	
0.01000	676.12171	
0.01000	673.47867	
0.01000	656.79600	
0.01000	639.15692	
0.01000	647.56472	
0.01000	622.79911	
0.01000	613.44874	
0.01000	633.38066	
0.01000	650.82389	
0.01000	644.40535	
0.01000	628.72444	
0.01000	637.94313	
0.01000	651.38633	
0.01000	674.52390	
0.01000	683.62395	
0.01000	704.76872	
0.01000	719.25110	
0.01000	719.26586	
0.01000	748.40450	
0.01000	738.88396	
0.01000	742.29850	
0.01000	747.40771	
0.01000	766.92279	
0.01000	762.67672	
0.01000	765.96567	
0.01000	801.16461	
0.01000	821.71163	
0.01000	847.07675	
0.01000	828.30602	
0.01000	858.14198	
0.01000	848.56422	
0.01000	881.72432	
0.01000	874.25244	
0.01000	909.53543	
0.01000	927.97732	
0.01000	934.49526	
0.01000	924.79144	
0.01000	936.43604	
0.01000	927.15193	
0.01000	936.65035	
0.01000	940.74335	
0.01000	954.26966	
0.01000	965.63551	
0.01000	959.79110	
0.01000	958.34405	
0.01000	965.39453	
0.01000	978.50406	
0.01000	998.92359	
0.01000	995.22172	
0.01000	984.46397	
0.01000	975.98590	
0.01000	974.35277	
0.01000	1028.93181	
0.01000	1001.22496	
0.01000	1020.43052	
0.01000	1031.56892	
0.01000	996.00305	
0.01000	1011.70386	
0.01000	1025.42231	
0.01000	1065.22637	
0.01000	1078.05232	
0.01000	1082.38536	
0.01000	1075.42581	
0.01000	1042.60967	
0.01000	1042.49217	
0.01000	1063.29859	
0.01000	1065.36348	
0.01000	1087.75826	
0.01000	1095.77549	
0.01000	1097.60498	